"ref" "year.x" "country" "continent" "num_months_sampled" "mean_ebu" "sd_ebu" "mean_diff" "sd_diff" "mean_obs_wtemp_k" "sd_obs_wtemp_k" "mean_cum_radiance" "sd_cum_radiance" "mean_TP_ugL" "sd_TP_ugL" "mean_littoral_area_km2" "sd_littoral_area_km2" "mean_surf_area_km2" "sd_surf_area_km2" "mean_depth_m" "sd_mean_depth_m" "max_depth_m" "sd_max_depth_m" "biome_type" "hylak_id" "hybas_id" "year.y" "elevation" "glcp_ice_months" "glcp_mean_annual_temp" "glcp_mean_annual_temp_sd" "glcp_annual_horizontal_radiance" "glcp_annual_horizontal_radiance_sd" "glcp_pop_sum" "glcp_ice_cover_mean" "glcp_mean_sw_wm2" "glcp_mean_sw_wm2_sd" "glcp_total_precip_mm" "lat" "lon"
"1" "Roland et al 2017" 2014 "Belgium" "Europe" 1 NA NA 13.09666 4.16251134667522 NA NA NA NA NA NA NA NA NA NA NA NA NA NA "TEMPERATE BROADLEAF FOREST" 1336403 2120414380 2014 49 0 283.957420885063 5.20080433830818 2.91085601365891 1.8055927063221 NA 0.75 119.624219739407 74.2024399858396 9151.61798167509 50.616 3.795
"2" "Roland et al 2017" 2015 "Belgium" "Europe" 1 NA NA 104.62892 135.173869835628 289.7 6.5760930650349 NA NA NA NA NA NA NA NA NA NA NA NA "TEMPERATE BROADLEAF FOREST" 1336403 2120414380 2015 49 0 283.630997803647 5.94773229658749 3.43322387024871 1.7250915569216 39998.4605364482 0 141.091391928029 70.8941735721205 7331.93392908433 50.616 3.795
"1" "Borges et al 2011" 2007 "Democratic Republic of the Congo" "Africa" 1 NA NA 0.93032 0.518764449051783 296.9625 0.554338945652086 NA NA NA NA NA NA NA NA NA NA NA NA "TROPICAL MOIST FOREST" 1407295 1121159410 2007 295 0 299.728829359692 1.66037943742976 4.21183917085295 0.429468997529219 NA 1.25 173.089280993957 17.6494108573652 7013.33539273131 -1.988 29.134
"2" "Borges et al 2011" 2008 "Democratic Republic of the Congo" "Africa" 1 NA NA 1.01052 0.499047681890218 283.15 0 NA NA NA NA NA NA NA NA NA NA NA NA "TROPICAL MOIST FOREST" 1407295 1121159410 2008 295 0 298.785107280147 0.189574557684864 4.15538376294913 0.216455376555212 NA 6.5 170.769195737635 8.89542643377582 6369.8154837814 -1.988 29.134
"3" "Borges et al 2011" 2009 "Democratic Republic of the Congo" "Africa" 1 NA NA 1.69222 1.80337685046692 283.65 2.82842712474619 NA NA NA NA NA NA NA NA NA NA NA NA "TROPICAL MOIST FOREST" 1407295 1121159410 2009 295 0 299.012025514855 0.332483700961932 4.16907848032773 0.205090255425983 NA 7 171.331992342235 8.42836666134176 6714.50643286612 -1.988 29.134
"1" "Room et al 2014" 2010 "Estonia" "Europe" 12 14 111.694275 30.55 14.3542676580869 286.95 7.77817459305202 NA NA NA NA NA NA 270 0 2.8 0 6 0 "TEMPERATE BROADLEAF FOREST" 1164 2070257480 2010 33 5 276.822277064703 12.2545790067954 2.3228110330575 1.99030192512172 60944.7394438971 NA 95.4579876598974 81.7932297995227 196211.831452254 58.283 26.033
"1" "Konnerup et al 2014" 2006 "Colombia" "South America" 12 NA NA 107.448 132.378793 286.85 7.5986401 NA NA NA NA NA NA NA NA NA NA NA NA "MANGROVES" 1074425 6120976600 2006 0 0 301.122618103027 0.499223355258979 4.0446226626903 0.873589723117611 NA 0 166.217369699601 35.9009475253813 3286.29584865196 10.825 -74.61
"2" "Konnerup et al 2014" 2006 "Colombia" "South America" 12 NA NA 224.472 132.378793 285.45 7.5986401 NA NA NA NA NA NA NA NA NA NA NA NA "MANGROVES" 1074419 6120056030 2006 0 0 301.056464740093 0.501165490172071 4.04336220264677 0.865039331216445 NA NA 166.165569971785 35.5495615568402 1925.49696403952 10.847 -74.499
"3" "Konnerup et al 2014" 2006 "Colombia" "South America" 12 NA NA 6.384 132.378793 NA NA NA NA NA NA NA NA NA NA NA NA NA NA "MANGROVES" 1074378 6120976550 2006 0 0 300.900141893255 0.462124026015375 4.10363692173715 0.908250981490014 NA 0 168.642613222075 37.3253828009595 2730.89209893919 10.929 -74.59
"4" "Konnerup et al 2014" 2006 "Colombia" "South America" 12 NA NA 89.676 132.378793 NA NA NA NA NA NA NA NA NA NA NA NA NA NA "MANGROVES" 1074331 6120055770 2006 6 0 300.825450102335 0.460056818026474 4.08868864952166 0.887718465451263 NA 0 168.028300665273 36.4815807719697 2495.15001579733 10.961 -74.483
"1" "Gerardo-Nieto et al 2017" 2015 "Chile" "South America" 12 NA NA 9.12 132.378793 286.15 7.5986401 NA NA NA NA NA NA NA NA NA NA NA NA "TEMPERATE BROADLEAF FOREST" 1118640 6120037920 2015 32 0 277.710617567101 2.84540954560457 2.19473973565481 1.69792736632971 3251.7479027517 8.6 90.1947836570471 69.777836972454 18072.0937210382 -53.604 -70.953
"2" "Gerardo-Nieto et al 2017" 2015 "Chile" "South America" 12 NA NA 8.136 132.378793 280.15 7.5986401 NA NA NA NA NA NA NA NA NA NA NA NA "TEMPERATE BROADLEAF FOREST" 1118436 6120021890 2015 220 0 278.105429959749 2.97844365654394 2.34803409376764 1.76723234862193 1857.8339635142 18.3 96.49455179867 72.6259869296683 7866.72828560624 -53.176 -71.007
"1" "Descloux et al 2017" 2017 "France" "Europe" NA 2.7 100 15.5 100 NA NA NA NA NA NA NA NA 2.7 NA 18 NA 58 NA "TEMPERATE BROADLEAF FOREST" NA NA NA NA NA NA NA NA NA NA NA NA NA NA 46.43071 1.613706
"1" "Encinas Fernandez et al 2014" 2012 "Germany" "Europe" 2 NA NA 23.5 47.944563 300.75 4.8861203 NA NA NA NA NA NA NA NA NA NA NA NA "TEMPERATE BROADLEAF FOREST" 1345522 2120467420 2012 326 2 281.45110929268 7.71017254250539 3.29638994944244 1.89277830143979 NA 4.75 135.468080114073 77.7854096482103 9794.33973268995 48.5 9.01
"2" "Encinas Fernandez et al 2014" 2012 "Germany" "Europe" 4 NA NA 10.104 96.487207 NA NA NA NA NA NA NA NA NA NA NA NA NA NA "TEMPERATE BROADLEAF FOREST" 1345522 2120467420 2012 326 2 281.45110929268 7.71017254250539 3.29638994944244 1.89277830143979 NA 4.75 135.468080114073 77.7854096482103 9794.33973268995 48.5 9.01
"3" "Encinas Fernandez et al 2014" 2013 "Germany" "Europe" 2 NA NA 4.8 47.944563 NA NA NA NA NA NA NA NA NA NA NA NA NA NA "TEMPERATE BROADLEAF FOREST" 1345522 2120467420 2013 326 2 280.854088860698 7.68746836852053 3.11663018044323 1.83373464127082 NA 3.33333333333333 128.080692346982 75.3589578604448 8697.1546436983 48.5 9.01
"4" "Encinas Fernandez et al 2014" 2013 "Germany" "Europe" 3 NA NA 202.1 56.540652 300.75 7.325176 NA NA NA NA NA NA NA NA NA NA NA NA "TEMPERATE BROADLEAF FOREST" 1345522 2120467420 2013 326 2 280.854088860698 7.68746836852053 3.11663018044323 1.83373464127082 NA 3.33333333333333 128.080692346982 75.3589578604448 8697.1546436983 48.5 9.01
"5" "Encinas Fernandez et al 2014" 2013 "Germany" "Europe" 5 NA NA 1.3 106.907952 289.15 2.867429 NA NA NA NA NA NA NA NA NA NA NA NA "TEMPERATE BROADLEAF FOREST" 1345522 2120467420 2013 326 2 280.854088860698 7.68746836852053 3.11663018044323 1.83373464127082 NA 3.33333333333333 128.080692346982 75.3589578604448 8697.1546436983 48.5 9.01
"6" "Maeck et al 2013" 2011 "Germany" "Europe" 7 NA NA 87.219 187.24932 284.9039582 2.7857509 55.4 NA NA NA NA NA 0.04 NA NA NA NA NA "TEMPERATE BROADLEAF FOREST" 1341647 2121141510 2011 362 1 282.860471006889 6.5766642102594 3.20790139997149 1.90003254081422 NA 1.08333333333333 131.83156438239 78.0835290745568 4376.20897336474 49.22 7.01
"7" "Maeck et al 2013" 2011 "Germany" "Europe" NA 0 100 3.4 100 NA NA NA NA NA NA NA NA 0.04 NA NA NA NA NA "TEMPERATE BROADLEAF FOREST" 1341647 2121141510 2011 362 1 282.860471006889 6.5766642102594 3.20790139997149 1.90003254081422 NA 1.08333333333333 131.83156438239 78.0835290745568 4376.20897336474 49.22 7.01
"8" "Maeck et al 2013" 2011 "Germany" "Europe" 7 9.913 108.164537 621.375 187.24932 284.9047623 2.7857509 55.4 NA NA NA NA NA 0.06 NA NA NA NA NA "TEMPERATE BROADLEAF FOREST" 1341561 2120444440 2011 173 1 282.741092738682 6.50491762893586 3.18313930019182 1.90290841411796 NA 0.833333333333333 130.8139438435 78.2017156486832 2905.25065965839 49.3 6.76
"9" "Maeck et al 2013" 2011 "Germany" "Europe" NA 113.9 100 4.6 100 NA NA NA NA NA NA NA NA 0.06 NA NA NA NA NA "TEMPERATE BROADLEAF FOREST" 1341561 2120444440 2011 173 1 282.741092738682 6.50491762893586 3.18313930019182 1.90290841411796 NA 0.833333333333333 130.8139438435 78.2017156486832 2905.25065965839 49.3 6.76
"10" "Maeck et al 2013" 2011 "Germany" "Europe" 7 25.37 108.164537 2.957 187.24932 285.166896 2.7857509 55.4 NA NA NA NA NA 0.17 NA NA NA NA NA "TEMPERATE BROADLEAF FOREST" 1341561 2120444440 2011 173 1 282.741092738682 6.50491762893586 3.18313930019182 1.90290841411796 NA 0.833333333333333 130.8139438435 78.2017156486832 2905.25065965839 49.37 6.7
"11" "Maeck et al 2013" 2011 "Germany" "Europe" NA 32.1 100 2.9 100 NA NA NA NA NA NA NA NA 0.17 NA NA NA NA NA "TEMPERATE BROADLEAF FOREST" 1341561 2120444440 2011 173 1 282.741092738682 6.50491762893586 3.18313930019182 1.90290841411796 NA 0.833333333333333 130.8139438435 78.2017156486832 2905.25065965839 49.37 6.7
"12" "Maeck et al 2013" 2011 "Germany" "Europe" 7 38.694 108.164537 0.952 187.24932 285.1520875 2.7857509 55.2 NA NA NA NA NA 0.39 NA NA NA NA NA "TEMPERATE BROADLEAF FOREST" 1340796 2120441930 2011 318 1 282.589740022624 6.49090438142772 3.1781149315982 1.90499238483706 NA 1.16666666666667 130.607462942392 78.2873582809749 3929.14763087852 49.49 6.58
"13" "Maeck et al 2013" 2011 "Germany" "Europe" NA 48.1 100 3.7 100 NA NA NA NA NA NA NA NA 0.39 NA NA NA NA NA "TEMPERATE BROADLEAF FOREST" 1340796 2120441930 2011 318 1 282.589740022624 6.49090438142772 3.1781149315982 1.90499238483706 NA 1.16666666666667 130.607462942392 78.2873582809749 3929.14763087852 49.49 6.58
"14" "Maeck et al 2013" 2011 "Germany" "Europe" 7 347.343 108.164537 2.284 187.24932 284.9174561 2.7857509 52.5 NA NA NA NA NA 0.38 NA 11 NA NA NA "TEMPERATE BROADLEAF FOREST" 1340796 2120441930 2011 318 1 282.589740022624 6.49090438142772 3.1781149315982 1.90499238483706 NA 1.16666666666667 130.607462942392 78.2873582809749 3929.14763087852 49.57 6.59
"15" "Maeck et al 2013" 2011 "Germany" "Europe" NA 439.5 100 5.8 100 NA NA NA NA NA NA NA NA 0.38 NA NA NA NA NA "TEMPERATE BROADLEAF FOREST" 1340796 2120441930 2011 318 1 282.589740022624 6.49090438142772 3.1781149315982 1.90499238483706 NA 1.16666666666667 130.607462942392 78.2873582809749 3929.14763087852 49.57 6.59
"16" "Casper et al 2003" 2000 "Germany" "Europe" 7 31.2 108.164537 NA NA NA NA NA NA NA NA NA NA NA NA NA NA NA NA "TEMPERATE BROADLEAF FOREST" 1325456 2070363880 2000 64 0 282.897116878388 6.5273067826628 2.84380543986877 1.92183261672325 1169460.44792192 2 116.868716706936 78.9794226050649 99205.1713158701 53.167 13.033
"17" "Rinta et al 2017" 2010 "Germany" "Europe" 1 48.6 206.02738 11.5 122.733421 294.55 7.2956714 NA NA 0.036 NA NA NA 0.19 NA NA NA 7 NA "TEMPERATE BROADLEAF FOREST" 1320472 2120324590 2010 27 3 280.377532129401 8.2661080109491 2.76131452499385 2.03916119554656 22452.873886476 20.4166666666667 113.478679109336 83.8011450224615 7531.35776654412 54.16 10.16
"18" "Rinta et al 2017" 2011 "Germany" "Europe" 2 48.6012 65.011561 11.5488 47.944563 NA NA NA NA NA NA NA NA NA NA NA NA NA NA "TEMPERATE BROADLEAF FOREST" 1320472 2120324590 2011 27 1 282.085103762325 6.50482533441136 2.80618988211563 1.89371800863107 NA 5.66666666666667 115.322871867766 77.8240277519616 7708.62012412875 54.16 10.18
"19" "Rinta et al 2017" 2011 "Germany" "Europe" 2 28.3954 0.00650538238691614 15.7096 0.0135764501987827 293.45 4.8861203 NA NA 0.017 NA NA NA 0.75 NA NA NA 29 NA "TEMPERATE BROADLEAF FOREST" 1320456 2100324690 2011 24 1 282.112945444641 6.53771064777252 2.83150942077828 1.90881163251975 NA 8.75 116.363400853902 78.4443136651952 19687.7952457204 54.17 10.44
"20" "Rinta et al 2017" 2011 "Germany" "Europe" 2 72.6306 0.0432749350086163 8.811 0.015556349186103 294.35 4.8861203 NA NA 0.035 NA NA NA 0.14 NA NA NA 29 NA "TEMPERATE BROADLEAF FOREST" 1320456 2100324690 2011 24 1 282.112945444641 6.53771064777252 2.83150942077828 1.90881163251975 NA 8.75 116.363400853902 78.4443136651952 19687.7952457204 54.18 10.44
"1" "Schmid et al 2017" 2015 "Israel" "Europe" 12 313.1 111.694275 3.9 132.378793 NA NA NA NA NA NA NA NA 167 NA 24 NA 43 NA "MEDITERRANIAN FOREST" 1414 2070784870 2015 -216 0 292.753780122967 7.22224086421464 5.2552081060449 1.6807341003121 371293.453722165 NA 215.967456412804 69.0712643963875 21629.609947055 32.833 35.5833
"1" "Diem et al 2012" 2005 "Italy" "Europe" 2 NA NA 0.1308 47.944563 NA NA NA NA NA NA NA NA NA NA NA NA NA NA "TEMPERATE BROADLEAF FOREST" 1358349 2120544110 2005 126 0 285.057849570291 8.75244801964524 3.61626797324661 1.84320747259109 180081.675234178 1.83333333333333 148.613752325203 75.7482522982638 4329.56162947112 45.57 8.97
"1" "Kone et al 2008" 2007 "Ivory Coast" "Africa" 12 NA NA 4.416 132.378793 NA NA NA NA NA NA NA NA NA NA NA NA NA NA "MANGROVES" 180467 1050023310 2007 2 0 298.965712128038 1.35622609086497 3.9133403297987 0.310175668752693 NA 0 160.822205334193 12.7469452912066 3213316.32807138 5.131 -3.132
"2" "Kone et al 2010" 2007 "Ivory Coast" "Africa" 12 NA NA 5.216 132.378793 307.05 7.5986401 NA NA NA NA NA NA NA NA NA NA NA NA "MANGROVES" 180467 1050023310 2007 2 0 298.965712128038 1.35622609086497 3.9133403297987 0.310175668752693 NA 0 160.822205334193 12.7469452912066 3213316.32807138 5.131 -3.132
"3" "Kone et al 2008" 2007 "Ivory Coast" "Africa" 12 NA NA 8.08 132.378793 NA NA NA NA NA NA NA NA NA NA NA NA NA NA "TROPICAL MOIST FOREST" 1405929 1121010660 2007 0 0 299.456165186698 1.11740094718822 3.96500111455301 0.523239456427343 NA 0 162.945251283 21.5029913600278 5129.52146857767 5.164 -2.965
"4" "Kone et al 2010" 2007 "Ivory Coast" "Africa" 12 NA NA 5.1872 132.378793 304.45 7.5986401 NA NA NA NA NA NA NA NA NA NA NA NA "TROPICAL MOIST FOREST" 1405929 1121010660 2007 0 0 299.456165186698 1.11740094718822 3.96500111455301 0.523239456427343 NA 0 162.945251283 21.5029913600278 5129.52146857767 5.164 -2.965
"5" "Kone et al 2008" 2007 "Ivory Coast" "Africa" 12 NA NA 1.344 132.378793 NA NA NA NA NA NA NA NA NA NA NA NA NA NA "TROPICAL MOIST FOREST" 1580 1030023310 2007 3 0 299.696746230538 1.45864428323743 4.35971830884665 0.189826569257831 NA NA 179.166505843013 7.80109188730811 27890040.6938561 5.208 -5.23
"6" "Kone et al 2010" 2007 "Ivory Coast" "Africa" 12 NA NA 1.296 132.378793 304.55 7.5986401 NA NA NA NA NA NA NA NA NA NA NA NA "TROPICAL MOIST FOREST" 1580 1030023310 2007 3 0 299.696746230538 1.45864428323743 4.35971830884665 0.189826569257831 NA NA 179.166505843013 7.80109188730811 27890040.6938561 5.208 -5.23
"7" "Kone et al 2008" 2007 "Ivory Coast" "Africa" 12 NA NA 3.808 132.378793 NA NA NA NA NA NA NA NA NA NA NA NA NA NA "TROPICAL MOIST FOREST" 180453 1120023920 2007 3 0 299.591916601456 1.09579430328148 4.04704758961995 0.566534139477658 NA 0 166.317024230957 23.2822249100407 2630.84845856311 5.309 -3.962
"8" "Kone et al 2010" 2007 "Ivory Coast" "Africa" 12 NA NA 5.344 132.378793 305.75 7.5986401 NA NA NA NA NA NA NA NA NA NA NA NA "TROPICAL MOIST FOREST" 180453 1120023920 2007 3 0 299.591916601456 1.09579430328148 4.04704758961995 0.566534139477658 NA 0 166.317024230957 23.2822249100407 2630.84845856311 5.309 -3.962
"9" "Kone et al 2008" 2007 "Ivory Coast" "Africa" 12 NA NA 3.28 132.378793 NA NA NA NA NA NA NA NA NA NA NA NA NA NA "TROPICAL MOIST FOREST" 180453 1120023920 2007 3 0 299.591916601456 1.09579430328148 4.04704758961995 0.566534139477658 NA 0 166.317024230957 23.2822249100407 2630.84845856311 5.331 -3.978
"10" "Kone et al 2010" 2007 "Ivory Coast" "Africa" 12 NA NA 3.4976 132.378793 NA NA NA NA NA NA NA NA NA NA NA NA NA NA "TROPICAL MOIST FOREST" 180453 1120023920 2007 3 0 299.591916601456 1.09579430328148 4.04704758961995 0.566534139477658 NA 0 166.317024230957 23.2822249100407 2630.84845856311 5.331 -3.978
"1" "Sugimoto et al 1997" 1993 "Japan" "Asia" 7 NA NA 318.672 187.24932 NA NA NA NA NA NA NA NA NA NA NA NA NA NA "TEMPERATE BROADLEAF FOREST" NA NA NA NA NA NA NA NA NA NA NA NA NA NA 35.067 135.75
"2" "Utsumi et al 1998" 1996 "Japan" "Asia" 12 NA NA 4.2418 132.378793 NA NA NA NA NA NA NA NA NA NA NA NA NA NA "TEMPERATE BROADLEAF FOREST" 1361 4080587680 1996 0 0 287.087101916723 7.74201039021639 4.02974778027278 1.17270110532293 NA NA 165.606073161895 48.1931961091614 88004.0382372089 36.04 140.399
"3" "Miyajima et al 1997" 1993 "Japan" "Asia" 3 NA NA 4.32 56.540652 290.55 7.325176 NA NA NA NA NA NA NA NA NA NA NA NA "TEMPERATE BROADLEAF FOREST" NA NA NA NA NA NA NA NA NA NA NA NA NA NA 36.5 136.5
"4" "Utsumi et al 1998" 1996 "Japan" "Asia" 2 NA NA 0.8796 47.944563 NA NA NA NA NA NA NA NA NA NA NA NA NA NA "TEMPERATE BROADLEAF FOREST" 174040 4050041320 1996 651 2 284.095660382439 8.51508571261518 3.81959757733007 1.38344229077026 NA NA 156.969763451921 56.8537927713804 12541266.547887 36.82 138.22
"1" "Tamooh et al 2013" 2008 "Kenya" "Africa" 12 NA NA NA NA 295.0663471 7.5986401 67.9 NA 146.6 NA 14.67 NA 120 NA 47 NA 13.8 NA "TROPICAL GRASSLAND" 15961 1061170490 2008 1046 0 297.196378949188 1.05998530104898 5.65788718773242 0.357844677949326 NA NA 232.51591182462 14.7059456691504 685557.179398002 -0.88 37.58
"1" "Deshmukh et al 2013" 2009 "Laos" "Asia" 12 83.312 111.694275 15.239 132.378793 296.3372069 7.5986401 48.1 NA 2.5 NA 27.4 NA 450.2 NA 39 NA 7.8 NA "TROPICAL MOIST FOREST" 178566 4121569550 2009 202 0 296.797749615521 3.04765063211776 4.47417552511446 0.490703175561577 NA 0 183.870227059498 20.1658839271881 5921.51409840303 17.98 104.96
"2" "Deshmukh et al 2013" 2009 "Laos" "Asia" NA 76.9 100 32.3 100 NA NA NA NA NA NA NA NA 355 NA 7.8 NA NA NA "TROPICAL MOIST FOREST" 178566 4121569550 2009 202 0 296.797749615521 3.04765063211776 4.47417552511446 0.490703175561577 NA 0 183.870227059498 20.1658839271881 5921.51409840303 17.98 104.96
"3" "Chanudet et al 2011" 2009 "Laos" "Asia" 12 NA NA 46.832 9.52048570189568 297.7088064 7.5986401 55.8 NA 20.3 NA 14.34 NA 13 0 30.25 22.9809703885628 14 NA "TROPICAL MOIST FOREST" 178446 4091070420 2009 404 0 298.348073616351 2.89681961819138 4.50425634282135 0.42979612404113 NA 0 185.106425047453 17.6628544126492 12747.2034624885 18.44 102.95
"4" "Harby et al 2012" 2010 "Laos" "Asia" 12 NA NA 11.927 132.378793 297.7088064 7.5986401 55.8 NA 20.3 NA 14.34 NA 13 NA 46.5 NA 14 NA "TROPICAL MOIST FOREST" 178446 4091070420 2010 404 0 298.831830607591 3.12512450228205 4.30187542934655 0.480863581445935 13907.8275252707 0 176.789401206023 19.7615170457234 15268.3878602271 18.44 102.95
"5" "Chanudet et al 2011" 2009 "Laos" "Asia" 12 NA NA 3.7425 0.767210857587404 298.8173265 7.5986401 51.8 NA 10.7 NA 3.17 NA 350 0 19 0 16 NA "TROPICAL MOIST FOREST" 1510 4061073760 2009 208 0 297.540551809658 2.76251236326262 4.48192819466009 0.36196281025238 NA NA 184.188829917538 14.8751839829745 302216.522702804 18.53 102.55
"6" "Harby et al 2012" 2010 "Laos" "Asia" 12 NA NA 5.693 132.378793 298.8173265 7.5986401 51.8 NA 10.7 NA 3.17 NA 350 NA 19 NA 16 NA "TROPICAL MOIST FOREST" 1510 4061073760 2010 208 0 297.83904762769 2.87815528864806 4.36774732564549 0.483051627551079 632596.940103317 NA 179.496465437486 19.8514367486745 415185.824843463 18.53 102.55
"1" "Gonzalez-Valencia et al 2014" 2010 "Mexico" "South America" 12 NA NA 390 132.378793 NA NA NA NA NA NA NA NA NA NA NA NA NA NA "TROPICAL DRY FOREST" 1072345 7120842830 2010 2 0 297.714294839732 3.41058220843174 4.83758175888961 1.05051978863453 211770.828902779 0 198.804729817381 43.1720461082684 7053.15244044884 19.16 -96.147
"2" "Gonzalez-Valencia et al 2014" 2010 "Mexico" "South America" 12 NA NA 4.9 132.378793 NA NA NA NA NA NA NA NA NA NA NA NA NA NA "TROPICAL CONIFEROUS FOREST" 115348 7121201710 2010 2080 0 291.528214078769 2.74635095409737 5.26646572635405 0.972920984007842 6629.779427387 1.25 216.430098343317 39.9830541373086 4668.57254040288 19.436 -101.739
"3" "Gonzalez-Valencia et al 2014" 2010 "Mexico" "South America" 12 NA NA 57.8 132.378793 NA NA NA NA NA NA NA NA NA NA NA NA NA NA "TROPICAL CONIFEROUS FOREST" 115338 7121201260 2010 2188 0 290.51320053537 3.07073607932296 5.33128679215874 0.957817213501594 8909.67598749236 0 219.093977759948 39.3623512397915 7218.28558876187 19.523 -101.243
"4" "Gonzalez-Valencia et al 2014" 2010 "Mexico" "South America" 12 NA NA 932.8 132.378793 NA NA NA NA NA NA NA NA NA NA NA NA NA NA "TROPICAL CONIFEROUS FOREST" 115324 7120838070 2010 2311 0 286.503594803654 3.16556244975881 5.47159207828639 0.881022913163538 614571.343011643 0.583333333333333 224.859948422728 36.2064210889125 4729.53927241307 19.63 -99.265
"5" "Gonzalez-Valencia et al 2014" 2010 "Mexico" "South America" 12 NA NA 114.1 132.378793 NA NA NA NA NA NA NA NA NA NA NA NA NA NA "TROPICAL CONIFEROUS FOREST" 1072196 7121201100 2010 2568 0 286.92649482215 3.20807933562813 5.44552585593702 0.891144810582138 22772.5111184064 0 223.788733805631 36.6223894759783 3814.02952210669 19.657 -99.508
"1" "Linnaluoma 2012" 2005 "Finland" "Europe" 12 NA NA 1.753424658 132.378793 283.15 7.5986401 NA NA NA NA NA NA NA NA NA NA NA NA "BOREAL FOREST" 12603 2121050900 2005 92 4 277.409254714767 9.69851306095551 2.46301823728472 2.11381810259174 4936.75426663952 29.4166666666667 101.219927559646 86.8692370928111 9086.45394550398 61.067 25.133
"2" "Lopez Bellido et al 2009" 2005 "Finland" "Europe" 5 NA NA 0.797452411 0 291.65 2.867429 NA NA NA NA NA NA NA NA NA NA NA NA "BOREAL FOREST" 12603 2121050900 2005 92 4 277.409254714767 9.69851306095551 2.46301823728472 2.11381810259174 4936.75426663952 29.4166666666667 101.219927559646 86.8692370928111 9086.45394550398 61.067 25.133
"3" "Rinta et al 2017" 2011 "Finland" "Europe" 2 12.9962 0.00537401153701779 4.9862 0.0195161471607484 291.05 4.8861203 NA NA 0.027 NA NA NA 0.05 NA NA NA 18 NA "BOREAL FOREST" 1279458 2121050900 2011 112 4 278.199718095746 10.622339812264 2.36547631055242 2.15360541888909 NA 20.75 97.2113552281815 88.5043322831135 8954.97367541744 61.08 25.03
"4" "Linnaluoma 2012" 2005 "Finland" "Europe" 12 NA NA 5.260273973 132.378793 283.15 7.5986401 NA NA NA NA NA NA NA NA NA NA NA NA "BOREAL FOREST" 1279458 2121050900 2005 112 4 277.409254714767 9.69851306095551 2.46301823728472 2.11381810259174 4936.75426663952 25.5833333333333 101.219927559646 86.8692370928111 9086.45394550398 61.083 25.072
"5" "Bellido et al 2011" 2005 "Finland" "Europe" 6 NA NA 3.84 74.4497 NA NA NA NA NA NA NA NA NA NA NA NA NA NA "BOREAL FOREST" 1144 2090215250 2005 71 4 277.40984812927 9.81587536594193 2.46238638306574 2.11850772052859 31534.7564089537 NA 101.193960947907 87.0619611176134 33858.6258734011 61.083 25.583
"6" "Linnaluoma 2012" 2005 "Finland" "Europe" 12 NA NA 3.068493151 132.378793 NA NA NA NA NA NA NA NA NA NA NA NA NA NA "BOREAL FOREST" 154861 2090216570 2005 83 4 277.408798116608 9.6784609158845 2.46777183199221 2.1201458056572 14025.1563549716 27.25 101.415280766803 87.1292796845425 21696.5932933134 61.1 24.967
"7" "Ojala et al 2011" 2004 "Finland" "Europe" 1 NA NA 1.715210667 122.733421 289.95 7.2956714 NA NA NA NA NA NA NA NA NA NA NA NA "BOREAL FOREST" 154861 2090216570 2004 83 5 276.933214432396 9.32414902132601 2.33537811815452 1.96548117084613 NA 26.3333333333333 95.9744432118295 80.7731988018956 23709.9228692747 61.1 24.97
"8" "Ojala et al 2011" 2004 "Finland" "Europe" 3 NA NA 2.572816 0 283.8 6.7175144212722 NA NA NA NA NA NA NA NA NA NA NA NA "BOREAL FOREST" 154861 2090216570 2004 83 5 276.933214432396 9.32414902132601 2.33537811815452 1.96548117084613 NA 26.3333333333333 95.9744432118295 80.7731988018956 23709.9228692747 61.1 24.97
"9" "Ojala et al 2011" 2004 "Finland" "Europe" NA NA NA 2.56 100 285.35 5.5 NA NA NA NA NA NA 6.53 NA NA NA NA NA "BOREAL FOREST" 154861 2090216570 2004 83 5 276.933214432396 9.32414902132601 2.33537811815452 1.96548117084613 NA 26.3333333333333 95.9744432118295 80.7731988018956 23709.9228692747 61.1 24.97
"10" "Rinta et al 2017" 2011 "Finland" "Europe" 2 2.0926 0.010465180361561 8.6808 0.027152900397563 288.35 4.8861203 NA NA 0.003 NA NA NA 0.01 NA NA NA 9 NA "BOREAL FOREST" 1278859 2121050420 2011 129 4 278.149835812182 10.6513387426521 2.36412517225992 2.15901321526246 NA 22.5 97.1558289969829 88.7265704902382 7343.55826104856 61.19 25.14
"11" "Nykanen et al 2014" 2007 "Finland" "Europe" 6 NA NA 3.288 74.4497 289.95 4.0654916 NA NA NA NA NA NA NA NA NA NA NA NA "BOREAL FOREST" 1278872 2121050420 2007 126 4 277.717241141778 9.58532735835847 2.44032930366537 2.11831566697561 NA 19.75 100.287505630084 87.0540685058471 7614.974814501 61.2 25.1
"12" "Nykanen et al 2014" 2008 "Finland" "Europe" 6 NA NA 5.49 74.4497 279.05 4.0654916 NA NA NA NA NA NA NA NA NA NA NA NA "BOREAL FOREST" 1278872 2121050420 2008 126 4 278.337747115904 7.32074905037564 2.35755948049183 2.11189865800544 NA 24.4166666666667 96.8860060476094 86.7903558084429 9496.78085602405 61.2 25.1
"13" "Nykanen et al 2014" 2009 "Finland" "Europe" 6 NA NA 5.86 74.4497 285.55 4.0654916 NA NA NA NA NA NA NA NA NA NA NA NA "BOREAL FOREST" 1278872 2121050420 2009 126 5 276.63150718173 9.7303674487501 2.48660691520782 2.18329844637572 NA 26 102.189325282513 89.7245936866733 6789.45095765357 61.2 25.1
"14" "Rinta et al 2017" 2011 "Finland" "Europe" 2 3.3842 0.022344574285495 6.5882 0.0166877200360026 289.15 4.8861203 NA NA 0.011 NA NA NA 0.003 NA NA NA 4 NA "BOREAL FOREST" 1278666 2121050420 2011 143 4 278.149835812182 10.6513387426521 2.36412517225992 2.15901321526246 NA 20.75 97.1558289969829 88.7265704902382 7343.55826104856 61.23 25.14
"15" "Rinta et al 2017" 2011 "Finland" "Europe" 2 4.005 0.00707106781186532 0.6208 0.0294156420973604 290.05 4.8861203 NA NA 0.01 NA NA NA 0.004 NA NA NA 13 NA "BOREAL FOREST" 1278666 2121050420 2011 143 4 278.149835812182 10.6513387426521 2.36412517225992 2.15901321526246 NA 20.75 97.1558289969829 88.7265704902382 7343.55826104856 61.23 25.19
"16" "Huotari et al 2011" 2003 "Finland" "Europe" 12 NA NA 4.824 132.378793 NA NA NA NA NA NA NA NA NA NA NA NA NA NA "BOREAL FOREST" 1278918 2121050420 2003 131 5 276.615671166574 10.2006554895129 2.32130093453339 2.00408006151017 NA 25.3636363636364 95.3959288164408 82.3594545826099 7160.97955418007 61.233 25.067
"17" "Rinta et al 2017" 2011 "Finland" "Europe" 2 1.9124 0.0175362481734265 0.3104 0.0147078210486802 290.75 4.8861203 NA NA 0.011 NA NA NA 0.04 NA NA NA 8 NA "BOREAL FOREST" 1278918 2121050420 2011 131 4 278.149835812182 10.6513387426521 2.36412517225992 2.15901321526246 NA 20.0833333333333 97.1558289969829 88.7265704902382 7343.55826104856 61.24 25.06
"18" "Kankaala et al 2003" 2001 "Finland" "Europe" 1 NA NA 90.83804101 122.733421 NA NA NA NA NA NA NA NA NA NA NA NA NA NA "BOREAL FOREST" 154517 2121049750 2001 110 5 276.678095948054 10.1529093455944 2.36413883694038 2.10121324879698 NA 22.0833333333333 97.1563905591937 86.3512294026157 7039.065281767 61.303 23.205
"19" "Juutinen et al 2003" 2000 "Finland" "Europe" 6 NA NA 36.41304348 74.4497 NA NA NA NA NA NA NA NA 4.3 NA NA NA NA NA "BOREAL FOREST" 154132 2120210820 2000 113 4 278.264332914897 7.47512288865133 2.41467047484815 2.08164224819137 3790.93976932498 16.4 99.2330332129378 85.5469417064948 3232.44288808785 61.551389 23.592778
"20" "Juutinen et al 2009" 1999 "Finland" "Europe" 6 NA NA 0 74.4497 NA NA NA NA NA NA NA NA 44.26 NA NA NA NA NA "BOREAL FOREST" 1276172 2090210820 1999 121 4 276.720446218279 9.95517217202219 2.43492700026935 2.25246182202882 NA NA 100.065493161754 92.5669241929653 13429.2180417528 61.571389 23.612778
"21" "Juutinen et al 2009" 1999 "Finland" "Europe" 6 NA NA 0.434782609 74.4497 NA NA NA NA NA NA NA NA 52.75 NA NA NA NA NA "BOREAL FOREST" 1276172 2090210820 1999 121 4 276.720446218279 9.95517217202219 2.43492700026935 2.25246182202882 NA NA 100.065493161754 92.5669241929653 13429.2180417528 61.591389 23.632778
"22" "Juutinen et al 2009" 1999 "Finland" "Europe" 6 NA NA 0.57 74.4497 NA NA NA NA NA NA NA NA 20.17 NA NA NA NA NA "BOREAL FOREST" 1276172 2090210820 1999 121 4 276.720446218279 9.95517217202219 2.43492700026935 2.25246182202882 NA NA 100.065493161754 92.5669241929653 13429.2180417528 61.611389 23.652778
"23" "Juutinen et al 2009" 1999 "Finland" "Europe" 6 NA NA 1.28 74.4497 NA NA NA NA NA NA NA NA 1.35 NA NA NA NA NA "BOREAL FOREST" 1276172 2090210820 1999 121 4 276.720446218279 9.95517217202219 2.43492700026935 2.25246182202882 NA NA 100.065493161754 92.5669241929653 13429.2180417528 61.631389 23.672778
"24" "Juutinen et al 2009" 1999 "Finland" "Europe" 6 NA NA 4.1 74.4497 NA NA NA NA NA NA NA NA 0.19 NA NA NA NA NA "BOREAL FOREST" 1275486 2120210280 1999 97 4 276.665447517677 10.055697662939 2.43162990885427 2.25314659701026 NA NA 99.929996254285 92.5950656305584 3291.86855516621 61.651389 23.692778
"25" "Ojala et al 2011" 2004 "Finland" "Europe" 2 NA NA 0.857605333 47.944563 NA NA NA NA NA NA NA NA NA NA NA NA NA NA "BOREAL FOREST" 153966 2070213660 2004 134 5 276.445871214334 9.66279240079181 2.26767026528146 1.97515687009379 NA 27 93.1919287101968 81.1708302778271 194731.983676327 61.67 25.13
"26" "Ojala et al 2011" 2004 "Finland" "Europe" 3 NA NA 1.715210667 0.909627820172624 NA NA NA NA NA NA NA NA NA NA NA NA NA NA "BOREAL FOREST" 153966 2070213660 2004 134 5 276.445871214334 9.66279240079181 2.26767026528146 1.97515687009379 NA 27 93.1919287101968 81.1708302778271 194731.983676327 61.67 25.13
"27" "Ojala et al 2011" 2004 "Finland" "Europe" NA NA NA 1.6 100 286.15 5.5 NA NA NA NA NA NA 13.4 NA NA NA NA NA "BOREAL FOREST" 153966 2070213660 2004 134 5 276.445871214334 9.66279240079181 2.26767026528146 1.97515687009379 NA 27 93.1919287101968 81.1708302778271 194731.983676327 61.67 25.13
"28" "Juutinen et al 2009" 1999 "Finland" "Europe" 6 NA NA 0.75 74.4497 NA NA NA NA NA NA NA NA 1.03 NA NA NA NA NA "BOREAL FOREST" 1275486 2120210280 1999 97 4 276.665447517677 10.055697662939 2.43162990885427 2.25314659701026 NA NA 99.929996254285 92.5950656305584 3291.86855516621 61.671389 23.712778
"29" "Juutinen et al 2009" 1999 "Finland" "Europe" 6 NA NA 3.52 74.4497 NA NA NA NA NA NA NA NA 0.52 NA NA NA NA NA "BOREAL FOREST" 1135 2080212060 1999 90 5 276.561517273667 10.0794569225758 2.41662618734442 2.24261565861129 NA NA 99.3134049593598 92.1622873401898 126765.745948702 61.691389 23.732778
"30" "Juutinen et al 2009" 1999 "Finland" "Europe" 6 NA NA 1.67 74.4497 NA NA NA NA NA NA NA NA 0.14 NA NA NA NA NA "BOREAL FOREST" 1135 2080212060 1999 90 5 276.561517273667 10.0794569225758 2.41662618734442 2.24261565861129 NA NA 99.3134049593598 92.1622873401898 126765.745948702 61.711389 23.752778
"31" "Juutinen et al 2009" 1999 "Finland" "Europe" 6 NA NA 1.1 74.4497 NA NA NA NA NA NA NA NA 1.4 NA NA NA NA NA "BOREAL FOREST" 1135 2080212060 1999 90 5 276.561517273667 10.0794569225758 2.41662618734442 2.24261565861129 NA NA 99.3134049593598 92.1622873401898 126765.745948702 61.731389 23.772778
"32" "Juutinen et al 2009" 1999 "Finland" "Europe" 6 NA NA 3.16 74.4497 NA NA NA NA NA NA NA NA 0.1 NA NA NA NA NA "BOREAL FOREST" 153687 2120208760 1999 89 5 276.56943056332 10.1301373715037 2.42114748204877 2.2471613613647 NA NA 99.4992115910454 92.3490970423851 11940.0127879423 61.751389 23.792778
"33" "Erkkila et al 2018" 2014 "Finland" "Europe" 1 NA NA 3.493 1.47502474555514 289.15 2.82842712474619 NA NA NA NA NA NA 0.62 NA NA NA 13.2 NA "BOREAL FOREST" 1273488 2120204040 2014 149 5 277.796250188184 8.90646178513723 2.3818394463379 2.00862482577077 NA 13.4545454545455 97.8838128632013 82.5462257166071 7465.6870114794 61.83 24.28
"34" "Stepanenko et al 2016" 2013 "Finland" "Europe" 6 20.304 137.814703 0.8592 74.4497 289.15 4.0654916 NA NA NA NA NA NA NA NA NA NA NA NA "BOREAL FOREST" 1273488 2120204040 2013 149 4 277.382086994643 9.93026105988932 2.31402621740287 2.10484922932916 NA 25.3333333333333 95.0969678384741 86.5006532601026 8082.79652530446 61.833 24.267
"35" "Rinta et al 2017" 2011 "Finland" "Europe" 2 1.9124 0.0175362481734265 2.8936 0.00905096679918775 291.35 4.8861203 NA NA 0.025 NA NA NA 3.03 NA NA NA 25 NA "BOREAL FOREST" 152411 2090202520 2011 90 4 277.21115276973 10.8444879141835 2.27417919757219 2.12544861477224 NA 21.3333333333333 93.4594190783093 87.3472033468044 23483.7377513212 62.24 25.77
"36" "Juutinen et al 2003" 2000 "Finland" "Europe" 6 NA NA 7.5426086955 0.675133257382884 NA NA NA NA NA NA NA NA 46 NA NA NA NA NA "BOREAL FOREST" 1268873 2060202550 2000 95 5 275.744686030391 9.62364940205051 2.11685111138202 2.03042517287836 146696.219140937 21.1 86.9938812896722 83.4421303922615 1701881.98492527 62.3 29.3
"37" "Juutinen et al 2003" 2000 "Finland" "Europe" 6 NA NA 7.128888889 74.4497 NA NA NA NA NA NA NA NA NA NA NA NA NA NA "BOREAL FOREST" 1266728 2120195780 2000 152 5 275.739355446266 9.68710550894567 2.13164140015511 2.05297044898968 465.444853864391 23.2222222222222 87.6017013762374 84.3686485886169 10254.6789857154 62.45 31
"38" "Hyvonen et al 2013" 2009 "Finland" "Europe" 12 NA NA 4.1614358795 5.41846335156161 297.35 7.5986401 NA NA NA NA NA NA NA NA NA NA NA NA "BOREAL FOREST" 1265902 2120196860 2009 114 7 274.561309301117 11.0299327626291 2.18895650149336 2.09190659886316 NA 27.6363636363636 89.9571164997272 85.9687643368424 6751.08545711742 62.5 30.5
"39" "Huttunen et al 2001" 1996 "Finland" "Europe" 4 41 0 NA NA 281.7 0 NA NA NA NA NA NA 0.03 NA NA NA NA NA "BOREAL FOREST" 1259546 2120189390 1996 79 6 274.490746663378 11.0079096713984 2.1941233248867 2.07718782741792 NA NA 90.1694517076728 85.3638833185448 9568.10586535884 63.03 27.56
"40" "Huttunen et al 2003" 1998 "Finland" "Europe" 3 57.3 94.962037 57.2972973 56.540652 NA NA NA NA NA NA NA NA 0.03 NA NA NA NA NA "BOREAL FOREST" 1259546 2120189390 1998 79 6 274.170910824304 11.0471648891492 2.03792917886807 1.87474847913173 NA NA 83.7505142000577 77.0444580465096 10654.4563002642 63.03 27.56
"41" "Huttunen et al 2003" 1999 "Finland" "Europe" 1 20 206.02738 NA NA NA NA NA NA NA NA NA NA 0.03 NA NA NA NA NA "BOREAL FOREST" 1259546 2120189390 1999 79 5 275.300925232055 11.4862939064033 2.22794573033834 2.08599351865013 NA NA 91.5594135755483 85.7257610404162 8719.1194235409 63.03 27.56
"42" "Juutinen et al 2003" 2000 "Finland" "Europe" 6 NA NA 37.42666667 74.4497 NA NA NA NA NA NA NA NA NA NA NA NA NA NA "BOREAL FOREST" 1259769 2121040050 2000 76 5 276.67103204707 9.28964990166474 2.21082634238331 2.05904902711027 4329.89727466095 24.3 90.8558770842457 84.618453168915 7669.7318761489 63.06 27.38
"43" "Huttunen et al 2002" 1994 "Finland" "Europe" 1 NA NA 18.05 27.419974471177 285.566666666667 3.81125526128422 NA NA NA NA NA NA NA NA NA NA NA NA "BOREAL FOREST" NA NA NA NA NA NA NA NA NA NA NA NA NA NA 67.1 27.4
"44" "Huttunen et al 2002" 1994 "Finland" "Europe" 5 NA NA 18.05 106.907952 287.15 2.867429 NA NA NA NA NA NA 0.01 NA NA NA NA NA "BOREAL FOREST" NA NA NA NA NA NA NA NA NA NA NA NA NA NA 67.1 27.4
"45" "Huttunen et al 2002" 1994 "Finland" "Europe" NA 0 100 7.5 100 287.15 5.5 NA NA NA NA NA NA 0.01 NA NA NA 3.2 NA "BOREAL FOREST" NA NA NA NA NA NA NA NA NA NA NA NA NA NA 67.1 27.4
"46" "Huttunen et al 2002" 1994 "Finland" "Europe" NA 115.5 100 22.9 100 283.33 5.5 NA NA 0.033 NA NA NA 417 NA 3.65 NA NA NA "BOREAL FOREST" NA NA NA NA NA NA NA NA NA NA NA NA NA NA 67.82 27.06
"47" "Huttunen et al 2002" 1994 "Finland" "Europe" 7 83.577 108.164537 16.552 187.24932 279.8100043 2.7857509 20.5 NA 12.8 NA 31.01 NA 417 NA 10 NA 4.9 NA "BOREAL FOREST" NA NA NA NA NA NA NA NA NA NA NA NA NA NA 67.82 27.73
"48" "Huttunen et al 2002" 1995 "Finland" "Europe" 1 NA NA 3.46 0 286.75 2.00748598998847 NA NA NA NA NA NA NA NA NA NA NA NA "BOREAL FOREST" 1204114 2120128520 1995 208 7 271.465645386436 9.73126059320187 1.69858949916846 1.7991523492946 5.61604786947662 NA 69.8050479110325 73.9377677792303 10998.9532769895 68.05 27.06
"49" "Huttunen et al 2002" 1995 "Finland" "Europe" 3 NA NA 3.46 56.540652 287.05 7.325176 NA NA NA NA NA NA 0.01 NA NA NA NA NA "BOREAL FOREST" 1204114 2120128520 1995 208 7 271.465645386436 9.73126059320187 1.69858949916846 1.7991523492946 5.61604786947662 NA 69.8050479110325 73.9377677792303 10998.9532769895 68.05 27.06
"50" "Huttunen et al 2002" 1995 "Finland" "Europe" NA NA NA 3.5 100 287.05 5.5 NA NA NA NA NA NA 0.01 NA NA NA 1.8 NA "BOREAL FOREST" 1204114 2120128520 1995 208 7 271.465645386436 9.73126059320187 1.69858949916846 1.7991523492946 5.61604786947662 NA 69.8050479110325 73.9377677792303 10998.9532769895 68.05 27.06
"51" "Huttunen et al 2002" 1995 "Finland" "Europe" 7 0.721 108.164537 2.52 187.24932 279.8683363 2.7857509 20.6 NA 15.1 NA 33.45 NA 214 NA 34.5 NA 6.3 NA "BOREAL FOREST" 1044 2050030060 1995 222 7 271.892556310195 9.81424140776456 1.76705311943849 1.86503838906525 4567.66942916307 NA 72.6186213467873 76.645413249257 3608752.1765084 68.11 26.72
"52" "Huttunen et al 2002" 1995 "Finland" "Europe" NA 0.8 100 3.5 100 285.2 5.5 NA NA 0.017 NA NA NA 214 NA 6.3 NA NA NA "BOREAL FOREST" 1044 2050030060 1995 222 7 271.892556310195 9.81424140776456 1.76705311943849 1.86503838906525 4567.66942916307 NA 72.6186213467873 76.645413249257 3608752.1765084 68.11 26.72
